0 0.21209216780132717 0.22373248912669993 0.08964733282725017 0.13839071768301506 0.96
2 0.6676496399773492 0.1524321017441926 0.06907738579644097 0.09509147538079156 0.93
0 0.09174567129876879 0.2964877993972213 0.0771765907605489 0.11184814241197374 0.92
1 0.37661516666412354 0.22985900772942436 0.05379335085550944 0.09138091405232747 0.91
0 0.8744138876597086 0.3767934905158149 0.10848347345987956 0.1592271946094654 0.91
1 0.7901770273844401 0.15888732892495613 0.08039474487304688 0.12323355674743652 0.89
1 0.35763025283813477 0.08769812186559041 0.03833813137478299 0.06258770713099727 0.86
0 0.6476012335883247 0.07131360084922225 0.04835287729899088 0.0853000592302393 0.86
0 0.028593834903505113 0.3438448729338469 0.057187669807010226 0.13003073798285592 0.83
0 0.026182095209757488 0.3035090587757252 0.052364190419514976 0.04938673090051721 0.72
0 0.5929786099327935 0.16227997232366492 0.10358169343736437 0.1507953096319128 0.65
