0 0.7593847380744086 0.1598473831459328 0.054410086737738714 0.09979438781738281 0.92
0 0.22288303905063206 0.27004547472353335 0.055505699581570096 0.08897982703314887 0.91
0 0.959090444776747 0.30826570369579176 0.0816146002875434 0.0979546794184932 0.9
0 0.3348125219345093 0.31358672954418043 0.07141094737582737 0.10864116527416089 0.89
0 0.7151424090067545 0.09782160432250411 0.033070670233832464 0.0707832486541183 0.89
0 0.5980100101894803 0.1488722916002627 0.043892224629720054 0.08832400816458243 0.89
0 0.9651313887702094 0.10526948284219813 0.06842878129747179 0.08858402128572818 0.87
0 0.8421011765797933 0.07370381774725737 0.05307626724243164 0.08758266104592217 0.87
0 0.4808191988203261 0.41426625075163664 0.059349113040500216 0.09475796310989945 0.87
0 0.5884085761176215 0.08610932915299027 0.04560428195529514 0.09599630920975297 0.86
