0 0.6567557917700874 0.214663858766909 0.06658665339152019 0.11090758994773582 0.94
1 0.2685978677537706 0.16862705018785265 0.05068450503879123 0.07510125195538556 0.92
2 0.3915608326594035 0.18332407651124177 0.056627511978149414 0.09275474371733489 0.92
2 0.6907511287265353 0.0982952559435809 0.06373013390435113 0.09828488032023112 0.92
1 0.6197967264387343 0.2871268590291341 0.0646310912238227 0.10717165911639179 0.92
1 0.7942880259619819 0.37648162135371455 0.09127897686428493 0.13943530895091868 0.91
1 0.9668584929572211 0.0357709310569421 0.05947759416368273 0.07068539904085575 0.87
1 0.6145906978183322 0.10157085568816573 0.042942788865831166 0.08422965915114791 0.85
0 0.4590972264607747 0.6083827371950503 0.09144041273328993 0.10978575106020327 0.63
1 0.554232570860121 0.19902172795048467 0.02801402409871419 0.055850311561867046 0.48
