0 0.5700823465983073 0.33116186989678276 0.07169320848253039 0.12701582025598596 0.95
0 0.7747523784637451 0.18341585441871924 0.06681521733601888 0.12257321675618489 0.94
2 0.24875152773327297 0.23139565079300492 0.07443259821997748 0.09439644990143953 0.92
0 0.6839822928110758 0.14085590397870099 0.05299838383992513 0.11179441875881618 0.92
2 0.3596818844477336 0.15516836996431704 0.06348548995123969 0.0967578269817211 0.92
2 0.9158059226142036 0.30144166946411133 0.09318266974555121 0.11313039285165293 0.91
0 0.9734228452046713 0.29797658213862666 0.053154309590657554 0.12217376850269458 0.91
0 0.5625637637244331 0.10680339292243675 0.04487074746025933 0.11716211725164342 0.89
2 0.24995410442352295 0.1378532957147669 0.051386117935180664 0.06257062488132054 0.88
0 0.043922658181852765 0.14376737453319408 0.06702139228582382 0.10650037836145472 0.83
