2 0.8910722467634413 0.2577519858324969 0.10276799731784397 0.11798895729912652 0.94
2 0.27032924360699123 0.35326431415699144 0.11979573302798802 0.1679787105984158 0.94
2 0.673446257909139 0.17736204906746192 0.07240544425116645 0.10590985086229113 0.94
2 0.35132234626346165 0.22950680167586715 0.06165803803337945 0.10440361941302265 0.93
2 0.28660421901279026 0.24973884335270635 0.07705052693684895 0.08043435767844871 0.92
2 0.42737770080566406 0.20429258876376682 0.05308977762858073 0.07907773830272534 0.92
2 0.26709185706244576 0.13831862696894892 0.058046181996663414 0.08805402119954427 0.91
2 0.5865656269921197 0.16280483758008038 0.052536593543158636 0.07728999632376211 0.9
1 0.5087935659620497 0.06902285858436867 0.03815046946207682 0.06869566882098163 0.89
2 0.9720443619622124 0.18123622293825503 0.055751270718044706 0.0918990417763039 0.88
