0 0.818864579634233 0.47614652947728414 0.05224997780539773 0.14752643386044176 0.9
0 0.5449317700935132 0.4301232885644139 0.061212158203125 0.19100569759506777 0.89
0 0.07017269279017593 0.42341778000674574 0.05844602584838867 0.1461092661662274 0.88
0 0.8481204408587831 0.16596189445281123 0.04707613858309659 0.10340502635542169 0.85
0 0.1414122552582712 0.24219596893433107 0.03869979164817117 0.10180749854888303 0.82
0 0.6543767062100497 0.1725956438056915 0.04229907411517519 0.10704892323199046 0.81
0 0.15480175596294982 0.13842626364834337 0.030633383086233427 0.0826501072649975 0.75
0 0.015620370344682173 0.09846663570787055 0.022653250260786576 0.062356524486618346 0.68
0 0.06894819953224876 0.08773565637059959 0.022850123318758877 0.058486147960984565 0.59
0 0.9593716245709043 0.057684827138142415 0.019770674272017046 0.05824986040352818 0.46
0 0.3826950420032848 0.019451565364278466 0.025000947894472065 0.03842780556544721 0.38
0 0.14797844742283678 0.02842259498006369 0.023001826893199573 0.05488781383238643 0.37
0 0.30230136062159685 0.1298809373235128 0.016966455632990058 0.04319345252102159 0.13
