0 0.3446028791155134 0.3543693321694132 0.035637730189732146 0.07289141525154073 0.88
1 0.42206104823521207 0.2567927287961381 0.04378326416015625 0.08562924956457664 0.88
0 0.17194212232317244 0.29896654985597537 0.036672570364815846 0.0804397566653269 0.87
1 0.6114826311383929 0.319607946267082 0.03503749302455357 0.0746597339102693 0.84
0 0.5499024309430803 0.31281011485337956 0.030219552176339287 0.05307127859559217 0.72
0 0.9466961233956473 0.31284426314015606 0.029758736746651786 0.054368782656752414 0.71
0 0.3132926940917969 0.2949232569589237 0.03439243861607143 0.06303117921753584 0.69
0 0.7048589651925223 0.32612806117802956 0.027054007393973213 0.04811536128625737 0.68
1 0.7601531982421875 0.32746095647127044 0.023593924386160713 0.07730763262618905 0.67
1 0.9006709943498884 0.31637280495859293 0.026770455496651784 0.06078679615278336 0.6
0 0.841523175920759 0.28979306563431556 0.0250830078125 0.054897868492723406 0.45
