0 0.42466244845920137 0.5908482360839844 0.125034912109375 0.09165325927734375 0.94
0 0.5233599446614583 0.4969794158935547 0.043942220052083335 0.03598294067382812 0.89
1 0.3082408040364583 0.47988134765625 0.05269276258680555 0.04157647705078125 0.89
0 0.7219992404513889 0.5540018005371093 0.03944845920138889 0.04043157958984375 0.88
0 0.6375748155381944 0.5030352172851562 0.04399544270833333 0.033622802734375 0.85
0 0.6051661512586806 0.48392662048339846 0.03709326171875 0.025715972900390623 0.82
1 0.4300309109157986 0.47240145874023437 0.03504196506076389 0.0295059814453125 0.79
0 0.66588525390625 0.4774582672119141 0.0299765625 0.016357269287109375 0.6
0 0.6891278754340278 0.48242218017578126 0.020516493055555557 0.0154383544921875 0.51
0 0.8009520941840278 0.4949420318603516 0.018976019965277778 0.015843353271484374 0.39
0 0.4681905110677083 0.47294508361816406 0.016463704427083333 0.012687957763671875 0.25
1 0.4059598795572917 0.47057716369628905 0.019081217447916667 0.024826141357421876 0.2
0 0.48956982421875 0.4680110626220703 0.018521592881944444 0.012302764892578125 0.16
