1 0.32757753133773804 0.6154717803001404 0.022352218627929688 0.035794456799825035 0.88
1 0.5329017043113708 0.4380563497543335 0.01997053623199463 0.029827435811360676 0.85
1 0.841564267873764 0.47093576192855835 0.029969751834869385 0.0360496441523234 0.79
1 0.9844461977481842 0.6267422238985697 0.02122277021408081 0.03489696979522705 0.76
1 0.6493226289749146 0.6211696863174438 0.02206897735595703 0.03098924954732259 0.7
1 0.1731778383255005 0.43693963686625165 0.016888052225112915 0.02926190694173177 0.7
1 0.9389334917068481 0.44577479362487793 0.022243022918701172 0.040778795878092446 0.66
1 0.1441025212407112 0.46986385186513263 0.023463115096092224 0.027465105056762695 0.65
1 0.5822349786758423 0.4443935751914978 0.018310904502868652 0.038255651791890465 0.63
1 0.09239302948117256 0.4877631664276123 0.01923651248216629 0.026833216349283855 0.54
1 0.7274613082408905 0.4423134724299113 0.020927011966705322 0.025786797205607098 0.53
